# End points of segments: 
#   0.00000000 0.23167350 0.36530070 0.63254670 
0.000000 -0.000108
0.004633 -0.249160
0.009267 0.854624
0.013900 2.303706
0.018534 4.304563
0.023167 6.867148
0.027801 9.990373
0.032434 13.670785
0.037068 17.903727
0.041701 22.683613
0.046335 28.004005
0.050968 33.857634
0.055602 40.236400
0.060235 47.131363
0.064869 54.532724
0.069502 62.429808
0.074135 70.811029
0.078769 79.663860
0.083403 88.974796
0.088036 98.729297
0.092669 108.911742
0.097303 119.505350
0.101936 130.492106
0.106570 141.852661
0.111203 153.566218
0.115837 165.610397
0.120470 177.961067
0.125104 190.592154
0.129737 203.475408
0.134371 216.580128
0.139004 229.872827
0.143638 243.316840
0.148271 256.871862
0.152904 270.493386
0.157538 284.132062
0.162171 297.732935
0.166805 311.234578
0.171438 324.568114
0.176072 337.656143
0.180705 350.411625
0.185339 362.736811
0.189972 374.522356
0.194606 385.646862
0.199239 395.977185
0.203873 405.369942
0.208506 413.674713
0.213140 420.739412
0.217773 426.417993
0.222407 430.580218
0.227040 433.122424
0.231674 433.977568

0.231674 433.977568
0.234346 434.072620
0.237019 434.357733
0.239691 434.832784
0.242364 435.497563
0.245036 436.351781
0.247709 437.395062
0.250381 438.626949
0.253054 440.046903
0.255726 441.654302
0.258399 443.448442
0.261072 445.428537
0.263744 447.593719
0.266417 449.943041
0.269089 452.475473
0.271762 455.189905
0.274434 458.085150
0.277107 461.159938
0.279779 464.412924
0.282452 467.842682
0.285124 471.447710
0.287797 475.226430
0.290469 479.177186
0.293142 483.298248
0.295815 487.587811
0.298487 492.043996
0.301160 496.664852
0.303832 501.448354
0.306505 506.392409
0.309177 511.494850
0.311850 516.753442
0.314522 522.165882
0.317195 527.729799
0.319868 533.442755
0.322540 539.302248
0.325213 545.305709
0.327885 551.450508
0.330558 557.733950
0.333230 564.153280
0.335903 570.705679
0.338575 577.388271
0.341248 584.198114
0.343920 591.132208
0.346593 598.187485
0.349265 605.360801
0.351938 612.648920
0.354610 620.048461
0.357283 627.555742
0.359956 635.166175
0.362628 642.870195
0.365301 650.339278

0.365301 650.339278
0.370646 634.400541
0.375991 618.110832
0.381335 601.498825
0.386680 584.593606
0.392025 567.424774
0.397370 550.022389
0.402715 532.416919
0.408060 514.639189
0.413405 496.720325
0.418750 478.691699
0.424095 460.584877
0.429440 442.431561
0.434785 424.263534
0.440130 406.112606
0.445474 388.010554
0.450819 369.989074
0.456164 352.079718
0.461509 334.313842
0.466854 316.722552
0.472199 299.336645
0.477544 282.186563
0.482889 265.302333
0.488234 248.713514
0.493579 232.449153
0.498924 216.537725
0.504269 201.007088
0.509614 185.884433
0.514958 171.196238
0.520303 156.968219
0.525648 143.225287
0.530993 129.991503
0.536338 117.290037
0.541683 105.143127
0.547028 93.572039
0.552373 82.597031
0.557718 72.237319
0.563063 62.511038
0.568408 53.435216
0.573753 45.025739
0.579098 37.297328
0.584442 30.263505
0.589787 23.936573
0.595132 18.327589
0.600477 13.446331
0.605822 9.301256
0.611167 5.899408
0.616512 3.246079
0.621857 1.342872
0.627202 0.133579
0.632547 -0.000108


0.000000 -0.000002
0.004633 23.160469
0.009267 46.305441
0.013900 69.419408
0.018534 92.486837
0.023167 115.492154
0.027801 138.419738
0.032434 161.253899
0.037068 183.978869
0.041701 206.578785
0.046335 229.037672
0.050968 251.339425
0.055602 273.467794
0.060235 295.406360
0.064869 317.138515
0.069502 338.647442
0.074135 359.916086
0.078769 380.927132
0.083403 401.662976
0.088036 422.105699
0.092669 442.237034
0.097303 462.038337
0.101936 481.490554
0.106570 500.574192
0.111203 519.269286
0.115837 537.555367
0.120470 555.411440
0.125104 572.815950
0.129737 589.746772
0.134371 606.181189
0.139004 622.095894
0.143638 637.466992
0.148271 652.270019
0.152904 666.479980
0.157538 680.071405
0.162171 693.018426
0.166805 705.294880
0.171438 716.874443
0.176072 727.730794
0.180705 737.837809
0.185339 747.169795
0.189972 755.701742
0.194606 763.409619
0.199239 770.270683
0.203873 776.263806
0.208506 781.369811
0.213140 785.571793
0.217773 788.855439
0.222407 791.209295
0.227040 792.625002
0.231674 793.097474

0.231674 793.097474
0.234346 793.330677
0.237019 794.029688
0.239691 795.192717
0.242364 796.816799
0.245036 798.897821
0.247709 801.430557
0.250381 804.408716
0.253054 807.824991
0.255726 811.671126
0.258399 815.937975
0.261072 820.615582
0.263744 825.693245
0.266417 831.159602
0.269089 837.002703
0.271762 843.210089
0.274434 844.126399
0.277107 841.051896
0.279779 837.799209
0.282452 834.369761
0.285124 830.765054
0.287797 826.986666
0.290469 823.036252
0.293142 818.915540
0.295815 814.626335
0.298487 810.170515
0.301160 805.550031
0.303832 800.766906
0.306505 795.823234
0.309177 790.721181
0.311850 785.462980
0.314522 780.050935
0.317195 774.487415
0.319868 768.774858
0.322540 762.915766
0.325213 756.912707
0.327885 750.768310
0.330558 744.485270
0.333230 738.066342
0.335903 731.514344
0.338575 724.832152
0.341248 718.022706
0.343920 711.089008
0.346593 704.034125
0.349265 696.861199
0.351938 689.573467
0.354610 682.174311
0.357283 674.667411
0.359956 667.057355
0.362628 659.353708
0.365301 651.884994

0.365301 651.884994
0.370646 667.827069
0.375991 684.120029
0.381335 700.735196
0.386680 717.643480
0.392025 734.815281
0.397370 752.220536
0.402715 769.828778
0.408060 787.609181
0.413405 805.530620
0.418750 823.561723
0.424095 841.670926
0.429440 859.826529
0.434785 877.996749
0.440130 896.149780
0.445474 904.245697
0.450819 881.610519
0.456164 858.596962
0.461509 835.223067
0.466854 811.507329
0.472199 787.468625
0.477544 763.126134
0.482889 738.499262
0.488234 713.607542
0.493579 688.470548
0.498924 663.107794
0.504269 637.538629
0.509614 611.782137
0.514958 585.857024
0.520303 559.781512
0.525648 533.573232
0.530993 507.249117
0.536338 480.825299
0.541683 454.317014
0.547028 427.738505
0.552373 401.102950
0.557718 374.422382
0.563063 347.707636
0.568408 320.968301
0.573753 294.212697
0.579098 267.447859
0.584442 240.679550
0.589787 213.912289
0.595132 187.149397
0.600477 160.393069
0.605822 133.644460
0.611167 106.903797
0.616512 80.170501
0.621857 53.443329
0.627202 26.720528
0.632547 -0.000002


0.000000 0.000127
0.004633 33.877626
0.009267 67.737191
0.013900 101.560656
0.018534 135.330024
0.023167 169.027364
0.027801 202.634826
0.032434 236.134670
0.037068 269.509282
0.041701 302.741195
0.046335 335.813113
0.050968 368.707927
0.055602 401.408739
0.060235 433.898880
0.064869 466.161930
0.069502 498.181739
0.074135 529.942442
0.078769 561.428485
0.083403 592.624634
0.088036 623.516004
0.092669 654.088066
0.097303 684.326670
0.101936 714.218064
0.106570 743.748902
0.111203 772.906269
0.115837 801.677686
0.120470 830.051136
0.125104 858.015067
0.129737 885.558412
0.134371 912.670597
0.139004 939.341554
0.143638 965.561732
0.148271 991.322104
0.152904 1016.614175
0.157538 1018.077071
0.162171 1004.476203
0.166805 990.974564
0.171438 977.641031
0.176072 964.553006
0.180705 951.797527
0.185339 939.472344
0.189972 927.686801
0.194606 916.562297
0.199239 906.231975
0.203873 896.839220
0.208506 888.534450
0.213140 881.469752
0.217773 875.791172
0.222407 871.628948
0.227040 869.086742
0.231674 868.231598

0.231674 868.231598
0.234346 868.136556
0.237019 867.851472
0.239691 867.376471
0.242364 866.711761
0.245036 865.857632
0.247709 864.814458
0.250381 863.582697
0.253054 862.162887
0.255726 860.555651
0.258399 858.761691
0.261072 856.781793
0.263744 854.616824
0.266417 852.267732
0.269089 849.735544
0.271762 847.021371
0.274434 849.768868
0.277107 856.665790
0.279779 863.887318
0.282452 871.419695
0.285124 879.249011
0.287797 887.361259
0.290469 895.742395
0.293142 904.378386
0.295815 913.255255
0.298487 922.359127
0.301160 931.676260
0.303832 941.193085
0.306505 950.896225
0.309177 960.772528
0.311850 970.809083
0.314522 980.993240
0.317195 991.312619
0.319868 1001.755130
0.322540 1012.308973
0.325213 1022.962649
0.327885 1033.704963
0.330558 1044.525028
0.333230 1055.412261
0.335903 1066.356387
0.338575 1077.347431
0.341248 1088.375714
0.343920 1099.431846
0.346593 1110.506706
0.349265 1121.591417
0.351938 1132.677296
0.354610 1143.755716
0.357283 1154.817750
0.359956 1165.852763
0.362628 1176.839353
0.365301 1187.150628

0.365301 1187.150628
0.370646 1172.796752
0.375991 1156.999197
0.381335 1140.633158
0.386680 1123.713675
0.392025 1106.250832
0.397370 1088.254521
0.402715 1069.735159
0.408060 1050.703865
0.413405 1031.172521
0.418750 1011.153788
0.424095 990.661100
0.429440 969.708658
0.434785 948.311400
0.440130 926.484973
0.445474 914.253845
0.450819 932.277252
0.456164 950.188450
0.461509 967.956085
0.466854 985.549055
0.472199 969.599579
0.477544 949.683318
0.482889 928.618415
0.488234 906.411968
0.493579 883.078091
0.498924 858.637020
0.504269 833.114227
0.509614 806.539575
0.514958 778.946555
0.520303 750.371597
0.525648 720.853478
0.530993 690.432817
0.536338 659.151662
0.541683 627.053142
0.547028 594.181199
0.552373 560.580365
0.557718 526.295599
0.563063 491.372154
0.568408 455.855480
0.573753 419.791153
0.579098 383.224824
0.584442 346.202178
0.589787 308.768915
0.595132 270.970726
0.600477 232.853290
0.605822 194.462266
0.611167 155.843292
0.616512 117.041985
0.621857 78.103945
0.627202 39.074758
0.632547 0.000127


0.000000 1302.460746
0.004633 1302.175063
0.009267 1301.318391
0.013900 1299.891858
0.018534 1297.897348
0.023167 1295.337499
0.027801 1292.215712
0.032434 1288.536153
0.037068 1284.303758
0.041701 1279.524244
0.046335 1274.204116
0.050968 1268.350682
0.055602 1261.972064
0.060235 1255.077217
0.064869 1247.675946
0.069502 1239.778935
0.074135 1231.397774
0.078769 1222.544992
0.083403 1213.234098
0.088036 1203.479631
0.092669 1193.297217
0.097303 1182.703634
0.101936 1171.716900
0.106570 1160.356365
0.111203 1148.642823
0.115837 1136.598659
0.120470 1124.248003
0.125104 1111.616927
0.129737 1098.733683
0.134371 1085.628972
0.139004 1072.336282
0.143638 1058.892275
0.148271 1045.337260
0.152904 1031.715742
0.157538 1041.429987
0.162171 1065.762124
0.166805 1089.603710
0.171438 1112.948406
0.176072 1135.790396
0.180705 1158.124368
0.185339 1179.945472
0.189972 1201.249252
0.194606 1222.031522
0.199239 1242.288128
0.203873 1262.014477
0.208506 1281.204502
0.213140 1299.848088
0.217773 1317.923447
0.222407 1335.367385
0.227040 1351.884273
0.231674 1363.188076

0.231674 1363.188076
0.234346 1363.009052
0.237019 1362.473946
0.239691 1361.588567
0.242364 1360.362310
0.245036 1358.807764
0.247709 1356.940213
0.250381 1354.777081
0.253054 1352.337369
0.255726 1349.641107
0.258399 1346.708862
0.261072 1343.561313
0.263744 1340.218901
0.266417 1336.701551
0.269089 1333.028474
0.271762 1329.218018
0.274434 1325.287576
0.277107 1321.253542
0.279779 1317.131284
0.282452 1312.935154
0.285124 1308.678505
0.287797 1304.373725
0.290469 1300.032277
0.293142 1295.664734
0.295815 1291.280827
0.298487 1286.889483
0.301160 1282.498866
0.303832 1278.116412
0.306505 1273.748861
0.309177 1269.402290
0.311850 1265.082136
0.314522 1260.793222
0.317195 1256.539778
0.319868 1252.325453
0.322540 1248.153335
0.325213 1244.025962
0.327885 1239.945331
0.330558 1235.912906
0.333230 1231.929625
0.335903 1227.995904
0.338575 1224.111634
0.341248 1220.276184
0.343920 1216.488389
0.346593 1212.746534
0.349265 1209.048312
0.351938 1205.390740
0.354610 1201.769949
0.357283 1198.180593
0.359956 1194.613790
0.362628 1191.046411
0.365301 1187.487060

0.365301 1187.487060
0.370646 1180.196069
0.375991 1173.252666
0.381335 1166.266120
0.386680 1159.173846
0.392025 1151.907372
0.397370 1144.393032
0.402715 1136.552846
0.408060 1128.305575
0.413405 1119.567941
0.418750 1110.256009
0.424095 1100.286688
0.429440 1089.579305
0.434785 1078.057183
0.440130 1065.649160
0.445474 1052.290957
0.450819 1037.926328
0.456164 1022.507931
0.461509 1005.997879
0.466854 988.367967
0.472199 1002.936563
0.477544 1020.088171
0.482889 1036.973855
0.488234 1053.564054
0.493579 1069.829728
0.498924 1085.742401
0.504269 1101.274218
0.509614 1116.397989
0.514958 1131.087238
0.520303 1145.316251
0.525648 1159.060119
0.530993 1172.294781
0.536338 1184.997070
0.541683 1197.144747
0.547028 1208.716548
0.552373 1219.692215
0.557718 1230.052533
0.563063 1239.779366
0.568408 1248.855685
0.573753 1257.265602
0.579098 1264.994392
0.584442 1272.028528
0.589787 1278.355693
0.595132 1283.964811
0.600477 1288.846064
0.605822 1292.990905
0.611167 1296.392079
0.616512 1299.043631
0.621857 1300.940920
0.627202 1302.080623
0.632547 1302.460746


0.000000 1688.967386
0.004633 1688.890461
0.009267 1688.659352
0.013900 1688.273060
0.018534 1687.729939
0.023167 1687.027727
0.027801 1686.163585
0.032434 1685.134101
0.037068 1683.935178
0.041701 1682.561897
0.046335 1681.008599
0.050968 1679.269128
0.055602 1677.336931
0.060235 1675.205021
0.064869 1672.865948
0.069502 1670.311803
0.074135 1667.534244
0.078769 1664.524528
0.083403 1661.273552
0.088036 1657.771887
0.092669 1654.009813
0.097303 1649.977359
0.101936 1645.664337
0.106570 1641.060383
0.111203 1636.154989
0.115837 1630.937548
0.120470 1625.397382
0.125104 1619.523788
0.129737 1613.306069
0.134371 1606.733572
0.139004 1599.795728
0.143638 1592.482081
0.148271 1584.782328
0.152904 1576.686358
0.157538 1568.184278
0.162171 1559.266461
0.166805 1549.923572
0.171438 1540.146620
0.176072 1529.926993
0.180705 1519.256518
0.185339 1508.127527
0.189972 1496.532955
0.194606 1484.466488
0.199239 1471.922823
0.203873 1458.898161
0.208506 1445.391258
0.213140 1431.406018
0.217773 1416.959128
0.222407 1402.109802
0.227040 1387.150823
0.231674 1376.366513

0.231674 1376.366513
0.234346 1376.291814
0.237019 1376.067710
0.239691 1375.694188
0.242364 1375.171224
0.245036 1374.498786
0.247709 1373.676838
0.250381 1372.705340
0.253054 1371.584244
0.255726 1370.313504
0.258399 1368.893064
0.261072 1367.322870
0.263744 1365.602862
0.266417 1363.732978
0.269089 1361.713155
0.271762 1359.543329
0.274434 1357.223435
0.277107 1354.753409
0.279779 1352.133188
0.282452 1349.362714
0.285124 1346.441930
0.287797 1343.370785
0.290469 1340.149236
0.293142 1336.777244
0.295815 1333.254781
0.298487 1329.581829
0.301160 1325.758381
0.303832 1321.784443
0.306505 1317.660035
0.309177 1313.385194
0.311850 1308.959972
0.314522 1304.384442
0.317195 1299.658699
0.319868 1294.782859
0.322540 1289.757063
0.325213 1284.581479
0.327885 1279.256305
0.330558 1273.781773
0.333230 1268.158150
0.335903 1262.385748
0.338575 1256.464926
0.341248 1250.396109
0.343920 1244.179801
0.346593 1237.816623
0.349265 1231.307380
0.351938 1224.653201
0.354610 1217.855876
0.357283 1210.918811
0.359956 1203.850489
0.362628 1196.684247
0.365301 1190.027013

0.365301 1190.027013
0.370646 1211.272664
0.375991 1232.833890
0.381335 1254.129700
0.386680 1275.109076
0.392025 1295.730236
0.397370 1315.955753
0.402715 1335.751724
0.408060 1355.087466
0.413405 1373.935344
0.418750 1392.270643
0.424095 1410.071464
0.429440 1427.318627
0.434785 1443.995590
0.440130 1460.088372
0.445474 1475.585480
0.450819 1490.477841
0.456164 1504.758736
0.461509 1518.423732
0.466854 1531.470621
0.472199 1543.899348
0.477544 1555.711943
0.482889 1566.912446
0.488234 1577.506833
0.493579 1587.502926
0.498924 1596.910306
0.504269 1605.740215
0.509614 1614.005449
0.514958 1621.720243
0.520303 1628.900147
0.525648 1635.561891
0.530993 1641.723240
0.536338 1647.402840
0.541683 1652.620055
0.547028 1657.394789
0.552373 1661.747304
0.557718 1665.698027
0.563063 1669.267345
0.568408 1672.475394
0.573753 1675.341835
0.579098 1677.885606
0.584442 1680.124656
0.589787 1682.075690
0.595132 1683.754129
0.600477 1685.174894
0.605822 1686.353504
0.611167 1687.304070
0.616512 1688.036001
0.621857 1688.554864
0.627202 1688.864482
0.632547 1688.967386


0.000000 1689.173071
0.004633 1689.093430
0.009267 1688.854597
0.013900 1688.456841
0.018534 1687.900602
0.023167 1687.186471
0.027801 1686.315167
0.032434 1685.287559
0.037068 1684.104804
0.041701 1682.768516
0.046335 1681.280724
0.050968 1679.643668
0.055602 1677.859747
0.060235 1675.931606
0.064869 1673.862223
0.069502 1671.654961
0.074135 1669.313606
0.078769 1666.842403
0.083403 1664.246085
0.088036 1661.529912
0.092669 1658.699711
0.097303 1655.761916
0.101936 1652.723611
0.106570 1649.592572
0.111203 1646.377316
0.115837 1643.087133
0.120470 1639.732138
0.125104 1636.323299
0.129737 1632.872477
0.134371 1629.392446
0.139004 1625.896915
0.143638 1622.400531
0.148271 1618.918875
0.152904 1615.468432
0.157538 1612.066555
0.162171 1608.731392
0.166805 1605.481795
0.171438 1602.337197
0.176072 1599.317459
0.180705 1596.442684
0.185339 1593.732992
0.189972 1591.208276
0.194606 1588.887913
0.199239 1586.790465
0.203873 1584.933354
0.208506 1583.332536
0.213140 1582.002177
0.217773 1580.954350
0.222407 1580.198759
0.227040 1579.742511
0.231674 1579.589943

0.231674 1579.589943
0.234346 1579.732995
0.237019 1580.160210
0.239691 1580.865852
0.242364 1581.840645
0.245036 1583.072166
0.247709 1584.545337
0.250381 1586.242979
0.253054 1588.146375
0.255726 1590.235812
0.258399 1592.491072
0.261072 1594.891852
0.263744 1597.418117
0.266417 1600.050362
0.269089 1602.769820
0.271762 1605.558596
0.274434 1608.399756
0.277107 1611.277372
0.279779 1614.176534
0.282452 1617.083343
0.285124 1619.984880
0.287797 1622.869173
0.290469 1625.725148
0.293142 1628.542584
0.295815 1631.312066
0.298487 1634.024935
0.301160 1636.673241
0.303832 1639.249705
0.306505 1641.747676
0.309177 1644.161095
0.311850 1646.484463
0.314522 1648.712812
0.317195 1650.841680
0.319868 1652.867084
0.322540 1654.785504
0.325213 1656.593862
0.327885 1658.289510
0.330558 1659.870214
0.333230 1661.334147
0.335903 1662.679872
0.338575 1663.906343
0.341248 1665.012891
0.343920 1665.999224
0.346593 1666.865419
0.349265 1667.611920
0.351938 1668.239532
0.354610 1668.749425
0.357283 1669.143122
0.359956 1669.422507
0.362628 1669.589813
0.365301 1669.647626

0.365301 1669.647626
0.370646 1669.420229
0.375991 1668.797016
0.381335 1667.811286
0.386680 1666.501400
0.392025 1664.910424
0.397370 1663.085645
0.402715 1661.077935
0.408060 1658.940956
0.413405 1656.730201
0.418750 1654.501880
0.424095 1652.311685
0.429440 1650.213470
0.434785 1648.257921
0.440130 1646.491273
0.445474 1644.954155
0.450819 1643.680645
0.456164 1642.697575
0.461509 1642.024142
0.466854 1641.671819
0.472199 1641.644572
0.477544 1641.939323
0.482889 1642.546626
0.488234 1643.451484
0.493579 1644.634243
0.498924 1646.071519
0.504269 1647.737090
0.509614 1649.602738
0.514958 1651.639005
0.520303 1653.815850
0.525648 1656.103211
0.530993 1658.471461
0.536338 1660.891783
0.541683 1663.336455
0.547028 1665.779064
0.552373 1668.194666
0.557718 1670.559891
0.563063 1672.853014
0.568408 1675.054002
0.573753 1677.144537
0.579098 1679.108049
0.584442 1680.929754
0.589787 1682.596683
0.595132 1684.097487
0.600477 1685.421433
0.605822 1686.557101
0.611167 1687.494194
0.616512 1688.226669
0.621857 1688.751730
0.627202 1689.067617
0.632547 1689.173071


