 # Grain size distribution: volume (A^3) ; No. of grains
   16930.887948000003                1
   17984.043846000004                0
   19037.199744000005                0
   20090.355642000002                0
   21143.511540000003                0
   22196.667438000004                0
   23249.823336000005                0
   24302.979234000006                1
   25356.135132000003                0
   26409.291030000008                0
   27462.446928000005                0
   28515.602826000006                0
   29568.758724000007                0
   30621.914622000004                0
   31675.070520000008                0
   32728.226418000006                0
   33781.382316000003                0
   34834.538214000007                0
   35887.694112000012                0
   36940.850010000009                0
   37994.005908000006                1
